# LO+N2DL+NP
# central value, lower_bound, upper_bound

theta_g_a1:
  bins: [0., 0.15, 0.25, 0.35, 0.45, 0.55, 0.65, 0.75, 0.85, 1.]
  central: [1.190816e+00, 1.600833e+00, 1.381609e+00, 1.067613e+00, 9.544564e-01, 1.060644e+00, 8.905767e-01, 8.268826e-01, 6.328454e-01]
  lower: [4.826437e-01, 1.328681e+00, 1.237221e+00, 9.533940e-01, 8.540872e-01, 8.491415e-01, 7.482684e-01, 6.967278e-01, 4.449019e-01]
  upper: [1.121150e+01, 2.281108e+00, 1.573262e+00, 1.144213e+00, 1.018476e+00, 1.152259e+00, 1.029122e+00, 9.807146e-01, 7.216466e-01]

theta_g_a2:
  bins: [0., 0.3, 0.4, 0.5, 0.6, 0.68, 0.75, 0.82, 0.9, 1.]
  central: [0.248737, 0.838525, 1.00672, 1.24252, 1.61487, 1.54215, 1.62493, 1.54925, 1.42895]
  lower: [0.158431, 0.667593, 0.871117, 1.14946, 1.38677, 1.35219, 1.4606, 1.37183, 1.21573]
  upper: [0.354816, 0.973186, 1.12252, 1.38693, 1.75474, 1.78774, 1.80349, 1.78699, 1.69003]

zg_a1:
  bins: [0., 0.05, 0.09, 0.12, 0.15, 0.2, 0.25, 0.3, 0.4, 0.5]
  central: [1.47469, 2.90525, 2.8648, 2.65528, 2.22777, 1.87156, 1.74434, 1.66272, 1.64644]
  lower: [0.779231, 2.12121, 2.42106, 2.53663, 1.97552, 1.48164, 1.35683, 1.3384, 1.18973]
  upper: [3.99035, 4.37774, 3.67437, 3.15367, 2.37263, 2.09315, 1.95584, 1.84822, 1.9864]

zg_a2:
  bins: [0., 0.05, 0.1, 0.15, 0.2, 0.25, 0.3, 0.4, 0.5]
  central: [8.07974, 4.16781, 2.20241, 1.49049, 1.06219, 0.910979, 0.853705, 0.748552]
  lower: [8.07974, 4.16781, 2.20241, 1.49049, 1.06219, 0.910979, 0.853705, 0.748552]
  upper: [29.1283, 5.51625, 2.61951, 1.77333, 1.26849, 1.09687, 1.00291, 0.887303]
